{
  "fl_x": 450.0,
  "fl_y": 450.0,
  "cx": 320.0,
  "cy": 240.0,
  "w": 640,
  "h": 480,
  "aabb_scale": 4,
  "scale": 1.0,
  "camera_angle_x": 1.2362884518703745,
  "camera_angle_y": 0.9799146525074566,
  "frames": [
    {
      "file_path": "./images/000000.png",
      "transform_matrix": [
        [
          -7.189513429040062e-10,
          -0.7071067812639587,
          0.7071067811091366,
          1.0
        ],
        [
          1.0000000000000002,
          -7.357019438103407e-10,
          2.810484067694574e-10,
          0.0
        ],
        [
          3.214887245306386e-10,
          0.7071067811091366,
          0.7071067812639589,
          0.75
        ],
        [
          0.0,
          0.0,
          0.0,
          1.0
        ]
      ]
    },
    {
      "file_path": "./images/000001.png",
      "transform_matrix": [
        [
          -0.17364817826701384,
          -0.7016096972939241,
          0.6910789700516689,
          0.988605814759156
        ],
        [
          0.9848077529063972,
          -0.12371272019412471,
          0.1218558684578746,
          0.13023613325019776
        ],
        [
          2.718283931280041e-10,
          0.7017399771463062,
          0.7124331578995333,
          0.7614285714285715
        ],
        [
          0.0,
          0.0,
          0.0,
          1.0
        ]
      ]
    },
    {
      "file_path": "./images/000002.png",
      "transform_matrix": [
        [
          -0.3420201438083048,
          -0.6743602467049733,
          0.6544161358748375,
          0.9547694655894313
        ],
        [
          0.9396926206102431,
          -0.2454470575346288,
          0.23818799448806463,
          0.25651510749425155
        ],
        [
          2.285264755208516e-10,
          0.6964151058180746,
          0.7176391853768851,
          0.7728571428571429
        ],
        [
          0.0,
          0.0,
          0.0,
          1.0
        ]
      ]
    },
    {
      "file_path": "./images/000003.png",
      "transform_matrix": [
        [
          -0.5000000003704661,
          -0.6259004803831845,
          0.5985387107661738,
          0.899519052838329
        ],
        [
          0.8660254035705504,
          -0.3613638113436104,
          0.3455664859642574,
          0.37499999999999994
        ],
        [
          1.8979784410788625e-10,
          0.6911329716540218,
          0.7227276219245271,
          0.7842857142857143
        ],
        [
          0.0,
          0.0,
          0.0,
          1.0
        ]
      ]
    },
    {
      "file_path": "./images/000004.png",
      "transform_matrix": [
        [
          -0.642787609953891,
          -0.5574514493673434,
          0.5254255133584718,
          0.8245333323392335
        ],
        [
          0.7660444428946439,
          -0.4677573060331355,
          0.4408843546360638,
          0.48209070726490444
        ],
        [
          1.5437651157412802e-10,
          0.6858942952459016,
          0.7277011857549283,
          0.7957142857142857
        ],
        [
          0.0,
          0.0,
          0.0,
          1.0
        ]
      ]
    },
    {
      "file_path": "./images/000005.png",
      "transform_matrix": [
        [
          -0.7660444432958546,
          -0.47088213237076404,
          0.437545344289602,
          0.7320907072649045
        ],
        [
          0.642787609475746,
          -0.5611754733833633,
          0.5214462361331358,
          0.5745333323392335
        ],
        [
          1.213240896635881e-10,
          0.6806997175604823,
          0.7325625533106914,
          0.8071428571428572
        ],
        [
          0.0,
          0.0,
          0.0,
          1.0
        ]
      ]
    },
    {
      "file_path": "./images/000006.png",
      "transform_matrix": [
        [
          -0.8660254038867543,
          -0.36865717869582426,
          0.3377749019966095,
          0.6250000000000001
        ],
        [
          0.4999999998227841,
          -0.6385329644994031,
          0.5850432919236147,
          0.649519052838329
        ],
        [
          8.991313249495647e-11,
          0.6755498041178304,
          0.7373143577581824,
          0.8185714285714285
        ],
        [
          0.0,
          0.0,
          0.0,
          1.0
        ]
      ]
    },
    {
      "file_path": "./images/000007.png",
      "transform_matrix": [
        [
          -0.9396926208324317,
          -0.2537649875903053,
          0.22930571171771488,
          0.5065151074942515
        ],
        [
          0.3420201431978467,
          -0.697213573664369,
          0.6300122652338476,
          0.7047694655894312
        ],
        [
          5.955205772956162e-11,
          0.6704450490319485,
          0.7419591877108527,
          0.83
        ],
        [
          0.0,
          0.0,
          0.0,
          1.0
        ]
      ]
    },
    {
      "file_path": "./images/000008.png",
      "transform_matrix": [
        [
          -0.9848077530240467,
          -0.12962829269710927,
          0.11554304529551254,
          0.3802361332501978
        ],
        [
          0.17364817759979026,
          -0.7351585800882172,
          0.6552771723011172,
          0.738605814759156
        ],
        [
          2.973424978458539e-11,
          0.6653858789117101,
          0.746499586165251,
          0.8414285714285714
        ],
        [
          0.0,
          0.0,
          0.0,
          1.0
        ]
      ]
    },
    {
      "file_path": "./images/000009.png",
      "transform_matrix": [
        [
          -1.0,
          -5.558058082111856e-17,
          4.8877395204495987e-17,
          0.25000000000000006
        ],
        [
          7.401486827921388e-17,
          -0.7509380496335258,
          0.6603726566209388,
          0.75
        ],
        [
          1.2654404359025975e-26,
          0.6603726566209388,
          0.7509380496335261,
          0.8528571428571429
        ],
        [
          0.0,
          0.0,
          0.0,
          1.0
        ]
      ]
    },
    {
      "file_path": "./images/000010.png",
      "transform_matrix": [
        [
          -0.9848077530242874,
          0.13115247938044203,
          -0.11381000279244945,
          0.11976386674980227
        ],
        [
          -0.17364817759842635,
          -0.7438026723242228,
          0.6454485998591136,
          0.738605814759156
        ],
        [
          -3.009360816097484e-11,
          0.6554056848973066,
          0.7552770274570071,
          0.8642857142857143
        ],
        [
          0.0,
          0.0,
          0.0,
          1.0
        ]
      ]
    },
    {
      "file_path": "./images/000011.png",
      "transform_matrix": [
        [
          -0.9396926208343408,
          0.2597707701785322,
          -0.22247904465441265,
          -0.0065151074942515486
        ],
        [
          -0.34202014319260193,
          -0.713714325730334,
          0.6112561516236926,
          0.7047694655894313
        ],
        [
          -6.100073224324376e-11,
          0.6504852098304365,
          0.7595189212862661,
          0.8757142857142857
        ],
        [
          0.0,
          0.0,
          0.0,
          1.0
        ]
      ]
    },
    {
      "file_path": "./images/000012.png",
      "transform_matrix": [
        [
          -0.8660254038931137,
          0.38183304216105357,
          -0.3228057120402381,
          -0.12499999999999983
        ],
        [
          -0.49999999981177007,
          -0.6613542294838602,
          0.5591158943654164,
          0.649519052838329
        ],
        [
          -9.321535210382592e-11,
          0.6456114242002264,
          0.7636660847138335,
          0.8871428571428571
        ],
        [
          0.0,
          0.0,
          0.0,
          1.0
        ]
      ]
    },
    {
      "file_path": "./images/000013.png",
      "transform_matrix": [
        [
          -0.766044443310653,
          0.4934814325148066,
          -0.41188831815919025,
          -0.23209070726490455
        ],
        [
          -0.6427876094581101,
          -0.5881082705611169,
          0.49086938305901734,
          0.5745333323392335
        ],
        [
          -1.273053606976049e-10,
          0.640784470676956,
          0.767720823046538,
          0.8985714285714286
        ],
        [
          0.0,
          0.0,
          0.0,
          1.0
        ]
      ]
    },
    {
      "file_path": "./images/000014.png",
      "transform_matrix": [
        [
          -0.6427876099821157,
          0.5911453070425026,
          -0.4872076707268726,
          -0.3245333323392334
        ],
        [
          -0.7660444428709599,
          -0.49602980963635623,
          0.4088157769688454,
          0.4820907072649046
        ],
        [
          -1.6395579338635002e-10,
          0.6360044448852111,
          0.7716853932051939,
          0.9099999999999999
        ],
        [
          0.0,
          0.0,
          0.0,
          1.0
        ]
      ]
    },
    {
      "file_path": "./images/000015.png",
      "transform_matrix": [
        [
          -0.5000000004178373,
          0.6716563971973928,
          -0.5466970675666557,
          -0.399519052838329
        ],
        [
          -0.8660254035432,
          -0.38778100230565204,
          0.3156356992937608,
          0.37499999999999994
        ],
        [
          -2.0403145839509307e-10,
          0.6312713983340619,
          0.7755620037400992,
          0.9214285714285714
        ],
        [
          0.0,
          0.0,
          0.0,
          1.0
        ]
      ]
    },
    {
      "file_path": "./images/000016.png",
      "transform_matrix": [
        [
          -0.3420201438809676,
          0.7323520889878791,
          -0.5887976213731951,
          -0.4547694655894312
        ],
        [
          -0.9396926205837964,
          -0.2665543620501769,
          0.2143048083743822,
          0.25651510749425166
        ],
        [
          -2.486678085666938e-10,
          0.6265853412162727,
          0.779352814951539,
          0.9328571428571428
        ],
        [
          0.0,
          0.0,
          0.0,
          1.0
        ]
      ]
    },
    {
      "file_path": "./images/000017.png",
      "transform_matrix": [
        [
          -0.17364817837119495,
          0.771163498974456,
          -0.6124974840747021,
          -0.488605814759156
        ],
        [
          -0.9848077528880272,
          -0.13597693216446172,
          0.10799983227197929,
          0.130236133250198
        ],
        [
          -2.994153813773437e-10,
          0.6219462450796014,
          0.7830599391051649,
          0.9442857142857143
        ],
        [
          0.0,
          0.0,
          0.0,
          1.0
        ]
      ]
    },
    {
      "file_path": "./images/000018.png",
      "transform_matrix": [
        [
          -8.606118040432875e-10,
          0.7866854407328231,
          -0.6173540453734827,
          -0.5
        ],
        [
          -1.0,
          -8.983387367322848e-10,
          2.492924200403479e-10,
          9.184850993605148e-17
        ],
        [
          -3.584783581089823e-10,
          0.6173540453734827,
          0.786685440732823,
          0.9557142857142857
        ],
        [
          0.0,
          0.0,
          0.0,
          1.0
        ]
      ]
    },
    {
      "file_path": "./images/000019.png",
      "transform_matrix": [
        [
          0.17364817838503388,
          0.7782259472284361,
          -0.6034987035644429,
          -0.4886058147591561
        ],
        [
          -0.9848077528855872,
          0.13722223235689968,
          -0.1064131044722858,
          -0.1302361332501975
        ],
        [
          3.0214453161647725e-10,
          0.6128086438745728,
          0.7902313370099969,
          0.9671428571428571
        ],
        [
          0.0,
          0.0,
          0.0,
          1.0
        ]
      ]
    },
    {
      "file_path": "./images/000020.png",
      "transform_matrix": [
        [
          0.3420201439030033,
          0.7458336553314039,
          -0.5716243344536391,
          -0.4547694655894313
        ],
        [
          -0.939692620575776,
          0.27146125093744744,
          -0.2080542431071942,
          -0.2565151074942515
        ],
        [
          2.532233867036382e-10,
          0.6083099109947767,
          0.7936995982016919,
          0.9785714285714285
        ],
        [
          0.0,
          0.0,
          0.0,
          1.0
        ]
      ]
    },
    {
      "file_path": "./images/000021.png",
      "transform_matrix": [
        [
          0.5000000004429495,
          0.6903020492044342,
          -0.5229560979864463,
          -0.3995190528383291
        ],
        [
          -0.8660254035287017,
          0.3985460745472884,
          -0.3019288441104905,
          -0.3749999999999998
        ],
        [
          2.096675610907539e-10,
          0.6038576879754919,
          0.7970921481691398,
          0.99
        ],
        [
          0.0,
          0.0,
          0.0,
          1.0
        ]
      ]
    },
    {
      "file_path": "./images/000022.png",
      "transform_matrix": [
        [
          0.642787610006029,
          0.6131502950117965,
          -0.4592067117864065,
          -0.32453333233923354
        ],
        [
          -0.7660444428508942,
          0.5144941869694653,
          -0.3853201826428143,
          -0.48209070726490444
        ],
        [
          1.7002785290820555e-10,
          0.5994517889718702,
          0.8004108649302708,
          1.0014285714285713
        ],
        [
          0.0,
          0.0,
          0.0,
          1.0
        ]
      ]
    },
    {
      "file_path": "./images/000023.png",
      "transform_matrix": [
        [
          0.7660444433302223,
          0.5165811354062958,
          -0.3825177661040494,
          -0.2320907072649046
        ],
        [
          -0.6427876094347883,
          0.6156374245210814,
          -0.4558669221232881,
          -0.5745333323392334
        ],
        [
          1.3323273040377615e-10,
          0.5950920030309534,
          0.8036575812674251,
          1.012857142857143
        ],
        [
          0.0,
          0.0,
          0.0,
          1.0
        ]
      ]
    },
    {
      "file_path": "./images/000024.png",
      "transform_matrix": [
        [
          0.8660254039065537,
          0.4034170424671071,
          -0.2953890479276151,
          -0.12500000000000033
        ],
        [
          -0.4999999997884905,
          0.6987388147026379,
          -0.5116288391397252,
          -0.6495190528383288
        ],
        [
          9.845518844642243e-11,
          0.5907780959675517,
          0.8068340853762657,
          1.0242857142857142
        ],
        [
          0.0,
          0.0,
          0.0,
          1.0
        ]
      ]
    },
    {
      "file_path": "./images/000025.png",
      "transform_matrix": [
        [
          0.9396926208413948,
          0.27701652033883084,
          -0.20059816997070726,
          -0.006515107494252048
        ],
        [
          -0.34202014317322105,
          0.7610966349425223,
          -0.5511389425026492,
          -0.7047694655894312
        ],
        [
          6.502659521956389e-11,
          0.5865098121417367,
          0.8099421215503395,
          1.0357142857142856
        ],
        [
          0.0,
          0.0,
          0.0,
          1.0
        ]
      ]
    },
    {
      "file_path": "./images/000026.png",
      "transform_matrix": [
        [
          0.9848077530263166,
          0.14117308421898325,
          -0.10111305490072561,
          0.11976386674980224
        ],
        [
          -0.1736481775869165,
          0.8006323464394398,
          -0.5734406301053496,
          -0.738605814759156
        ],
        [
          3.2378474901229026e-11,
          0.5822868761418014,
          0.812983390896163,
          1.0471428571428572
        ],
        [
          0.0,
          0.0,
          0.0,
          1.0
        ]
      ]
    },
    {
      "file_path": "./images/000027.png",
      "transform_matrix": [
        [
          1.0,
          1.5098284688863262e-16,
          -1.0697165269451445e-16,
          0.24999999999999986
        ],
        [
          -1.8503717068414146e-16,
          0.8159595520741207,
          -0.5781089943764937,
          -0.75
        ],
        [
          3.4356895389517227e-26,
          0.5781089943764937,
          0.8159595520741207,
          1.0585714285714285
        ],
        [
          0.0,
          0.0,
          0.0,
          1.0
        ]
      ]
    },
    {
      "file_path": "./images/000028.png",
      "transform_matrix": [
        [
          0.9848077530265793,
          -0.142195669017776,
          0.09966986149948752,
          0.38023613325019745
        ],
        [
          0.1736481775854268,
          0.8064317130269085,
          -0.5652558736057025,
          -0.7386058147591561
        ],
        [
          -3.259613412520679e-11,
          0.5739758565802859,
          0.8188722220608824,
          1.0699999999999998
        ],
        [
          0.0,
          0.0,
          0.0,
          1.0
        ]
      ]
    },
    {
      "file_path": "./images/000029.png",
      "transform_matrix": [
        [
          0.9396926208434797,
          -0.2810458101781083,
          0.19491288031744583,
          0.5065151074942511
        ],
        [
          0.3420201431674928,
          0.7721670178109108,
          -0.5355187375551788,
          -0.7047694655894314
        ],
        [
          -6.590417100937884e-11,
          0.5698871372353788,
          0.8217229769293692,
          1.0814285714285714
        ],
        [
          0.0,
          0.0,
          0.0,
          1.0
        ]
      ]
    },
    {
      "file_path": "./images/000030.png",
      "transform_matrix": [
        [
          0.866025403913499,
          -0.4122566760878011,
          0.28292124840226957,
          0.6250000000000001
        ],
        [
          0.49999999977646087,
          0.7140495092828705,
          -0.4900339769000018,
          -0.649519052838329
        ],
        [
          -1.0045653198176296e-10,
          0.5658424969140531,
          0.8245133526426787,
          1.0928571428571427
        ],
        [
          0.0,
          0.0,
          0.0,
          1.0
        ]
      ]
    },
    {
      "file_path": "./images/000031.png",
      "transform_matrix": [
        [
          0.7660444433463897,
          -0.5317427368119041,
          0.36114480844379604,
          0.7320907072649044
        ],
        [
          0.6427876094155207,
          0.6337063175064044,
          -0.4303956230427449,
          -0.5745333323392336
        ],
        [
          -1.36859940047529e-10,
          0.5618415835449159,
          0.8272448458586743,
          1.104285714285714
        ],
        [
          0.0,
          0.0,
          0.0,
          1.0
        ]
      ]
    },
    {
      "file_path": "./images/000032.png",
      "transform_matrix": [
        [
          0.642787610036877,
          -0.6357547725706107,
          0.42736396377885066,
          0.8245333323392333
        ],
        [
          0.7660444428250097,
          0.5334615958067213,
          -0.35860094452785046,
          -0.48209070726490466
        ],
        [
          -1.758417578212601e-10,
          0.557884033606481,
          0.8299189147422552,
          1.1157142857142857
        ],
        [
          0.0,
          0.0,
          0.0,
          1.0
        ]
      ]
    },
    {
      "file_path": "./images/000033.png",
      "transform_matrix": [
        [
          0.5000000004947471,
          -0.720998173783417,
          0.47975163668947535,
          0.8995190528383288
        ],
        [
          0.8660254034987962,
          0.41626849040792724,
          -0.2769847367423922,
          -0.37500000000000033
        ],
        [
          -2.1831503271840802e-10,
          0.5539694732514443,
          0.8325369797825901,
          1.1271428571428572
        ],
        [
          0.0,
          0.0,
          0.0,
          1.0
        ]
      ]
    },
    {
      "file_path": "./images/000034.png",
      "transform_matrix": [
        [
          0.34202014398249525,
          -0.7847377063742947,
          0.5169225796041457,
          0.9547694655894311
        ],
        [
          0.9396926205468431,
          0.2856211676031639,
          -0.18814443256926888,
          -0.2565151074942521
        ],
        [
          -2.654743647134694e-10,
          0.5500975193649,
          0.8351004246128628,
          1.1385714285714286
        ],
        [
          0.0,
          0.0,
          0.0,
          1.0
        ]
      ]
    },
    {
      "file_path": "./images/000035.png",
      "transform_matrix": [
        [
          0.1736481784990762,
          -0.8248854096105173,
          0.5379687454821538,
          0.988605814759156
        ],
        [
          0.9848077528654783,
          0.1454495546026917,
          -0.09485840480382174,
          -0.13023613325019778
        ],
        [
          -3.189472574938179e-10,
          0.5462677805596519,
          0.8376105968303125,
          1.15
        ],
        [
          0.0,
          0.0,
          0.0,
          1.0
        ]
      ]
    }
  ]
}